━━━━━━━━━━━━━━━━━━━━━━━━━━━━━━━━━━━━━━━━━━━━━━━━━━━━━━━━━━━━━━━━━━━━━━━━━━━━━━━━━
 Language              Files        Lines         Code     Comments       Blanks
━━━━━━━━━━━━━━━━━━━━━━━━━━━━━━━━━━━━━━━━━━━━━━━━━━━━━━━━━━━━━━━━━━━━━━━━━━━━━━━━━
 CSS                       3          551          409           82           60
 JavaScript                3          356          312           26           18
 JSON                      7         4102         4102            0            0
 Plain Text                4         2780            0         2321          459
 TypeScript               66        11231         8225         1901         1105
 XML                      39        55838        52204          161         3473
─────────────────────────────────────────────────────────────────────────────────
 HTML                      3          512          511            0            1
 |- CSS                    2          436          336           24           76
 (Total)                              948          847           24           77
─────────────────────────────────────────────────────────────────────────────────
 Markdown                 39        10331            0         7890         2441
 |- BASH                   7           83           43           24           16
 |- CSS                    2           47           37            8            2
 |- JavaScript             1           22           15            6            1
 |- JSON                   2           84           84            0            0
 |- Markdown               1           81            0           62           19
 |- Svelte                 3          470          401            9           60
 |- TypeScript            14          931          722          117           92
 |- XML                    8          399          367           26            6
 (Total)                            12448         1669         8142         2637
─────────────────────────────────────────────────────────────────────────────────
 Svelte                   31         4254         3965           50          239
 |- CSS                   29         5936         5001           47          888
 |- JavaScript            30         3129         2515          165          449
 (Total)                            13319        11481          262         1576
━━━━━━━━━━━━━━━━━━━━━━━━━━━━━━━━━━━━━━━━━━━━━━━━━━━━━━━━━━━━━━━━━━━━━━━━━━━━━━━━━
 Total                   195       101573        79249        12919         9405
━━━━━━━━━━━━━━━━━━━━━━━━━━━━━━━━━━━━━━━━━━━━━━━━━━━━━━━━━━━━━━━━━━━━━━━━━━━━━━━━━
